0
0
0
0
0
6426853288
101706230850
60136263291
264416539069
3596144200
443335963515
236003001213
453677570453
167317817971
187108988921
108111872499
249860434041
7100574950
141365014034
260914420207
192905524487
503337877871
611727857295
175814273369
727965261660
1408273650
1032638184259
83026456490
784933635446
85722898557
245104934733
1248429182281
110013350292
185409892743
78040137591
763414219607
688955325971
307188818547
1714828410277
0
2469765200
2273891259199
382773988212
0
1682979787751
1925530486487
1817601000417
293019997435
3461043080861
1216881555760
1887885102204
144421721106
2803776276120
959679293639
1292757811244
1605755786136
2290808250353
2742978442268
83889823382
2191844041190
158937689350
52261714953
2837461984123
520322092682
679214005604
1371575575389
69934383293
3280177146710
497133908499
409696857405
214461014839
591247589072
615509693528
868407305048
1847731152810
2357698038087
90965299228
455875427176
649610142323
591329932676
1546875431780
2024891290908
310258334004
19929102297
489745137262
1216306645669
4697668107222
4426833386446
2503953892422
2170140494917
197909693027
3448980482101
1106679365848
5311543714016
2837945647648
4063825838585
7424377929324
1536748788611
3861761066458
3219488589406
6198605380522
3267030353441
546935273764
4282593474323
5198471908727
4972928537223
3171634054673
5468707355110
43717447088
6342440572378
447745217136
409396261108
7396402986598
3287302167449
3142209741445
563594514156
6349605150606
584391073308
653808629282
2803846509685
2376045436882
3384280696861
680244391949
6878600158235
908069118347
2790356472937
3475203466846
2129843828325
8543079126816
8803271566759
6421239061931
1932053579320
2846816636860
9853110574811
2485167710003
328749065320
1880938650606
4490867929796
4764140896849
5299932218122
1164297187970
342252789876
7009315681315
299885680691
3639002561427
4662420986544
6501312336317
3103963647325
74027419438
163763834764
9886093032619
845012163027
526994514092
1667299314085
4019243704635
3702841355783
3914061492100
13270171960676
1414759614669
11402618767968
5204004245446
586185120546
3481866388645
2097383581274
2348810122667
11616654256257
1925376734419
12378292012
5522557429137
8438331068717
14050846624169
3150998920931
4152933903762
757154503933
5559272831264
3708456312022
288052435381
3651940376081
902973451369
12841729018
8483819632294
4208575165020
4448021984868
7047172093899
9257698667756
17553685512741
5699745154964
1785891612772
10128502642986
10243924278052
76603124230
1076366211952
7608326027135
18820098490564
10197562369032
3208553175638
13093033787762
13988930230933
1757202380820
606018542349
4687326103844
16995750090356
1901400439536
300150946285
1586047488879
13706085281766
15135179120225
1142459296355
14879062813590
11893335854515
8953528894944
14700018439845
13567242243168
3666622226333
7888611020494
2967250806280
1436708358598
2044024571844
15520610199131
19203701790624
19237578926572
17900091843863
15262083006930
15974391314166
825058414799
4491529317232
12552146489654
966560754746
580124628871
10311417394807
4768198197321
5328258565931
9866240041503
3314935844558
9516154422137
8740884432820
6530763306515
19576892140476
645579585179
15414851905468
2977108744356
866839199306
4919081255698
9234407681160
8572403751479
2883056672397
12875807652696
173926019566
1239969038505
4551602464801
12910323287253
11005719723
15735359186386
272405504059
3467063360261
1318534539416
7197437868201
1312813129327
19484763206035
555816813593
7921044549281
9981819863409
457911916892
1405193373625
2894417837262
8768059111090
4927108011861
3136292901880
3647176673859
22115211520704
3116998051883
7065103120274
15124695722993
927753956770
23939451104743
26969480093586
10346252743845
796957362697
11843384936373
4195450980872
3754312101109
2446068432998
24640128180323
4728141989764
5004832308626
756967741242
250072555364
6569558827555
14334543802261
7066000243818
764380229203
1471638224894
3644632965527
219558938469
8282747134798
2910327437849
1002991976832
297563519904
7638247124366
14744089224246
1177032759930
6854761247202
17265332103545
1574830847905
4901284424241
2153239000628
15505188441392
8297387804139
10224728012192
20831090949276
3474878650660
4964041177895
2980954960422
23621238200143
30245279412754
3548986377814
9857241261406
28772748612747
5366338348341
147501563946
28195076281928
7045250580292
8500640430482
9868470397475
15685085386447
2102189244908
2422905735317
24636362953685
1088357431497
4303230303916
11407404448616
9982230309437
5893823679793
9151738631303
342399443817
4787111624618
28504250113456
446829629567
535729326536
1403722693589
26429591972301
5563787275781
9308358415291
39282433853607
14867503924572
22260354844149
12900589372517
10639354548810
30081741213874
1301874889585
9073374476286
1616490134701
39392945748059
14872599494968
9920227876643
63157415738
14412820582947
34690328388450
14468015749658
27182410707706
15708899029970
14151809313118
10729593280815
6768404450117
1752506384226
3726272393967
605585158070
769876618110
18025307142491
17857260682927
20201748651633
173685165164
30018509703455
11470479898854
6312943858611
4776570813481
5799564409666
2453024941455
8984048985388
209302320576
9128868778355
1384998061904
15997747565268
20735843860704
39679331074976
6336713077850
540311463472
4700124948655
1195477648676
7156938014536
15946739931126
20821630326320
12593262890246
1111769966627
8330653437821
219981092832
20631543836058
17189492772894
9797749961524
17295797027305
9029784381438
10434255018810
298540450560
8320902510846
3442517571731
2790555483036
26800444384721
27384765315311
80508743781
9911738807957
15938902971834
21983414840254
22463456995574
1950945811252
8115576835083
15250365245120
167845421642
21489346400706
1114597249387
9578692303408
1030130893606
36265063890018
1177754859156
18140873582680
7762214915110
3861857815522
11559456413610
28550102973923
4333517851434
34394194013647
35410836970721
40176049571507
174688944056
4794069527150
11856062659372
23454079397181
5624272273990
2749222940534
35334691524163
2162152784470
1819399576144
20599450393223
3364319122263
2390237137858
2932912341248
38992374533880
16292263108446
36766705624581
12262533267493
50223827940579
20992385331432
35256895003372
42630183330250
6904134686320
4087267488465
1531606779269
55840988384997
45855477569201
38669022186580
41486364526858
24009031169
12438679364545
98418302818
5388802328966
4289602661651
1239281137106
591805680139
24334566340015
17523356213901
6448124502919
41947204676
555466758871
11625696369698
24795656238383
59402971471070
1110036234650
6875211675913
4199195628348
7442576879886
13325935567519
13822413141496
58809907953768
37872715287724
314079325435
4920774267420
5006624293606
12273724880462
5478777340677
6304149389688
1932137667739
718846109287
13444733310130
2293095563205
12121280662683
2618619379560
3429727758327
10913394401688
4599724731900
15774001789845
12126571379193
6263947298880
45452014302882
59754251388002
3746881073998
23031550589
9466617292601
29882896636665
5487808074578
29088169923555
16888479374353
6398491872093
11298074853
13946952956178
11247666056473
3019557192177
828186917187
45502065896884
38184446730488
3414009968585
58194228747887
158477636405
45274552391563
23627023246
34078506042571
15589698734
13577545949156
20678167302335
11760606970122
39719839838423
15323832966649
236487586129
45095645660475
701984859828
125093412662
4316070049984
9766422814
20184019941880
5574027322248
3947380027403
54039623992127
24104162546019
46520934355211
17117098049104
24068309117010
63136277591266
10162173750553
7738363012860
36849474233307
32422964289750
59128008541616
50311715433162
17853901767850
3373553243781
50104766341029
16558802056057
4289742196983
40570580034955
50294334452140
18255802975
6361471360125
1831712633305
28891702287761
45616171282
46057230977005
65078955969019
1724187965940
129891737026
23448368634866
29363120752994
1693134472332
14802692921783
21474249721162
66637714381195
69817128855385
17349968170263
2965446737501
3001556538
19179586684900
72018535490
58330815362990
1828965683370
38908988563797
27599278914623
30827615859140
12032435609261
20475625164212
533358484550
1558585566921
5976167885743
40514120837164
56872192498422
65436905404102
21930802708315
5725875624232
14491439344003
22663266141901
24227899630595
781327868073
9198841790445
17042163654562
43505917980296
4507350877024
40259202838552
7606468782720
43740098784221
503829727394
35935860044665
2299018857639
45376901633917
1460541519979
358102150890
5979984632666
10589883067350
475444654663
1981682498896
34143896978493
75245223674991
12804982740419
9449367283899
555884630438
20259882764107
18917291490347
47332271736357
4036750070583
5063031369053
651669930957
5076269746308
59136771537049
51107027925027
648855368639
12449712603410
4849810411526
13197491276975
55898471482756
12123678547330
11039610907508
1537780555973
2177182933841
41754329464195
9056306138631
9532784056440
68780787278631
39938585910340
19172859464246
48435553485
6361599551186
1370584934623
29852060454043
4140355083894
3007088553911
21022658557175
44474934773894
14728154360029
75730253341259
58622902475253
45108253725233
53937758637648
262441575
760574875573
39372903260669
13995987970740
38105958417538
5383868990002
45109827189526
7519602885324
10974502844984
40395297588398
983867190828
11841561448469
42093358437225
14041787110543
3083813453853
35635047700103
26735860777304
7113371306306
21884800438259
2018500206424
23257906037793
5696875608928
21981366904644
3657441300228
31079739729221
22744865246581
47773673387985
5124537953056
662160515671
3983883294258
141670221525
20172142094518
12033858117223
1952066589649
15892072523174
72791045605230
50895467363567
29062095605330
85042377255
16830858316505
548917935280
5764925453326
12729772075941
42929326800938
675959418252
3442288517761
33297864971561
80915865048015
37025283867279
43400865468278
22949357284107
3859277267590
35118923436809
52912079586911
19641869525723
111611137386
54455712842156
17142355935240
80161010971996
26915473633358
105540673984
19730360473508
53131421315
8111174340605
7196070296814
14067642327682
75370128831416
5117406692427
72857792798278
23515399997535
3940312599157
3317167870877
20952302573177
4976219779031
804702067124
70585597955392
2681799440393
4306873427032
54986425707948
11895457135669
9094345132091
7103438717164
11828214506664
10186632045199
72291691966676
64552278159940
1217082863613
83252138531550
23166040914363
205838119035
2164699871059
13571695251620
36311061905851
28451175388170
2798663115537
57833791161839
1875886220834
9892890562215
29058671755089
25861771106181
18984820881219
47750902543540
84264253448831
691735944929
17686318124113
80070669822054
86604107587504
11623723472589
16383366458428
10242767939566
29847622276857
21327855940017
545696268683
23698399310216
53330308629673
2520511380852
40550304233059
51965112332343
79247951201939
38219230489868
1358452085534
9539574635395
37918810321853
4000057404105
26037404282837
33230568176285
3445480839201
21679808482267
78266173957942
24868855359960
27304749164077
9304549849259
57653953038115
12618048730450
71082834954466
51898372364488
4006564765896
54747673109142
7584245482219
40360329700774
14317892597609
14603833537670
46979461566830
24967828748727
20119724054923
46512631051288
10015741150363
18761885768134
1262885243321
7093861496156
20194818078930
4501590145381
19523215114248
41264511609277
48261370018799
71638548850859
7841864324730
80731540460198
76021362936764
4100253527265
14509898604038
90728659286988
10514806463342
72211602412517
5806277317734
1928206348235
694611500458
3893440227303
25181230771744
45489850163318
61474057698468
5392116871047
48190970793382
206119398101
8875269752568
1983871108740
32880634082494
39529653198650
61348396275193
9218289122271
71345228089256
18230717307963
21347688248764
1618746603406
81375156746100
33598288082563
15579802912031
8234422221872
12425851543141
30443597303699
24804255223375
102157277530808
2481722146024
88867614518032
20418443239989
1038474994834
41685928293158
620332199462
67738574549300
17230046964941
10513398061017
31345499732463
19370211218254
2677432211345
16371579517801
26191891323325
28575175672717
52888436319555
3411202925233
20734275049071
42214999884246
215123776676
52536343283949
8101863750736
91452696007650
20401637710371
14147672314440
72897977952605
39934156150472
62893437211212
1399516362552
72046056236885
36279760181970
53551699160430
7978646340659
4363932759819
79036950001056
84449364078786
30938764392754
9835034803760
84336764841521
11187894829030
9745754288639
7870354555968
39244690495099
65300287146444
13844441565143
82200028294124
10889148000843
3826172928425
48634115760196
5259785970369
17441815852841
60425566898036
21974902213831
77987919935424
4971407323664
9736117208321
28101626676941
6525593450021
53731430891969
51615233343550
16231596479195
12238309033832
3277508842515
90527201622883
49883256846023
58113256296807
78875511297299
23956706710339
64499880578321
36740506837397
45291895689791
1142018980787
31415396118274
26084832078163
97956597183381
54998120637340
94905808027210
1329530731232
5776777943016
1111760115
4006534279077
10741678430841
60195800715764
95916446822031
83665266951424
350897749513
2795554681065
289786578930
9189122082498
30185179866431
50068695843509
20910342397921
885477822331
6140074928995
44782961093859
29489630770931
75112899563341
34129753258141
30086020356314
82367871608992
12794881650703
18187809448570
10609722161278
82213267633448
60942192952245
35600745434936
23909101088325
15564770312725
20760109809957
17278320550184
73307273587587
9229609893566
42621889609988
29026441018407
97671475807803
39671268757216
59213141600726
8927658141688
25310485834499
49307059363091
112823526928635
15181326771970
39200381871340
35117673716509
24860434974532
21313017557866
118132558780587
40206937453808
29292113310193
17426090084327
65767215347237
77761759576865
83459583515595
5047031278067
54576436732966
14973518089491
39311019045193
19060913242554
5970863119957
8940214901745
96789880329483
9272561469036
165822782651
13658176583588
45415146686281
73169462449677
11812405268837
46979949516436
101593663200841
4821267900941
9868532621009
75210965574466
4000882339069
22968311563868
59564927143204
6658687717326
49308238277596
40158716442737
5841039512327
67050287697021
24739576290567
42606577232532
2303475409367
11528273014695
47327057555212
99585933529260
20726656350573
17001315349650
2757650647063
1895175313052
29643248518179
26714255193511
40844018671344
67491448145521
63117038453496
47585005371465
572651987201
7573999612396
3083318049431
14441042440
426273881684
110923835523944
12142790304990
14865223240058
33197360147172
57342353146890
13892547157440
94058653570222
49973011548562
7316832821211
4348208561471
66247588891379
6800306117304
647013665046
74384820568995
101943720595061
74559341125037
7068590547637
29045884682952
18939394593499
17167387980543
41706730139558
709243025438
55263822818732
9301672204193
57734648844888
90099206045250
289239303995
7784289854755
57724556775966
36352914577197
59864457603939
3397852772332
204824762319
26795534870399
59654757591583
15760709585433
19058879944200
93554384278229
29922513820872
78173440540712
111763040813152
16134678050140
28088997326923
54272160149736
21660605276108
48328478470900
115357354991171
2962765011605
127797937756556
131965466175476
8113570982292
32428243032670
6990505398890
109133987199939
15763937336571
8223426782554
268371252085
23122238881158
19569075193344
43713711082654
75854746764367
16630456155013
48584315092080
125085632656101
114628566065390
47767014099889
93090704436293
6527751627846
53193909463438
57636648085765
52152580006343
111695500083233
24583468031527
102753353709737
1792813535111
59569869327498
20305018529001
22887405636376
4546358430778
62626683863070
16372405276911
18302732377260
27145624287684
34121952968944
9330044923718
19552742726384
2162452813590
77946827719378
27088963612434
136371693054985
8007614341610
20456727399131
24321291218805
31789371629987
56764781890281
79622535215819
42622503797049
133464625579524
9962627244029
664036182077
22491793107133
61822788981498
7176763140160
61547909478006
750898892306
26226626861731
37608930059473
128720975962295
27342410037901
48851508512570
42979298128
88349993936937
18296666825351
27225965868343
117059597803919
68469683273788
11150031825425
38804274075589
31275834711852
1494204963893
24033597904774
2677013513371
56940681383182
386171541728
17429248555575
46824520483206
4474665050178
11172459159164
105606108028794
82848377424019
31263997229853
237974911948
108382113326
2057209973222
13880710011302
1547549029382
2579500234552
62221366368182
105361174627380
6957104303812
109762888933251
19146179647486
19408776508735
129692102987617
12507166211205
72226958130631
37035307134166
74340905908227
15842397668019
39167068608681
8285888371840
1286882065712
3867085469252
18387072645915
115795337089996
11105979516016
101767888586813
23474113935004
67112424054160
955547734617
59313416100078
12605818510371
7839404379770
57410038753
122356720857030
64993709392501
59205058459987
11930974600867
69549930512797
26481265810161
52609737214064
130765727852956
27363245357602
72041323971110
33090719690610
40129488165466
14697451355012
18724839048151
85278183583684
97989704596101
25575841628408
13422891438820
31435331967170
1047599282792
25572573510021
377703882952
30483320009322
51543587463185
9903586448066
45149468251317
21862445483565
2538491270816
42173917749910
32253624971676
23493098838080
1527825832588
43503404179
84523632583850
4822421815509
116970427152618
8408763817586
67949767429566
131195722725
47137568802986
37664220182525
6092157281874
53603018307417
7615809582419
40604858459465
118982010046135
22119965725222
20874234046854
56918117088562
72689911263183
50793043583848
56857084210751
108704609038042
57253759631161
21649535955706
91519732564238
90491092330435
890942748873
20646130450317
112545926949803
105829903990722
345504255522
26923670568901
150810375285109
11342506028927
11379016845574
109619599014051
30525240534569
18104575015874
108114462099265
1659128084862
734243426760
90619713531513
9845029125050
35957979104906
2459974465059
85300737505233
62259761026197
14119158540314
31517762361658
42368182150694
61106253943116
89895672823541
9549352669487
447688647390
84396377712285
1571203621052
37164942478056
116888855930847
8410290056732
30685383321159
6021825229744
70085543986716
7840170603233
87458712257297
77335110609024
72942927028192
28036691379292
55114287426255
3377323369355
44431118332310
25414032458619
148070970802053
98100620909990
43269829415304
33339084091509
16069756184859
11618142458978
141418677938864
51439109128030
98441003361548
57401871529297
103082297174788
80827902633228
106151788098708
33579842359365
36532248283661
41708813705210
14388697441063
32395971377095
1208299931602
87325255516394
8269200200729
54676450975754
94684312526068
60236319187575
41453627794297
64267604331903
21143622017597
44345096194589
250978544944
7052994836864
3458111136789
19027582319923
11429882779162
5777267540018
11860489403832
137137791875076
60307355454175
6645948077072
23885345416490
18106991772870
11521266089434
47093083891
154782692966526
25028628010026
31286646306097
55475863992403
75154084509056
24262754356413
3015644758377
95475641026779
28743293167577
156149109403230
98015425770896
43558207983735
28669063573449
900439631216
39555366498924
10704448984496
137505558413531
33773204666907
13182072294346
114182309050772
4941605821436
39844382122921
3299928831589
7385354793789
37343649145973
21488209678696
13840271560543
85542233324330
25114444927532
16592939875201
21922614476497
124882249442944
23976640177421
12097295107925
137640247202777
56186732079804
6326350269410
81943256886512
130522818209738
43374092236270
45165592072938
112365136611371
25288207157443
66209109206150
12367653202328
40265074164663
118018144305476
161306024306
149166858653067
24719638754914
10283004373551
96309626972546
66935194200122
1617587655874
61844546222497
32404109126105
49874974316058
18020335513255
2241866471859
37444776462791
2232790303671
101679915346103
39804718013421
99454144168378
33025212830090
170348359600390
89559972148383
162063570255081
135825899240959
18575927307991
85129854979461
135087434608397
85918416816251
110930600768260
29059223055151
9410359031366
1719223329612
21104654096740
41947012937391
17873445381223
31268405150696
919149235942
68770143331764
94413007953184
42612559030295
60281439289164
28479328020067
22892715859619
157351035052326
84267558480609
53825732955467
109499043266213
18320237088231
31376024267818
6636338414627
44657678561377
18249517702437
40068245531228
67608058006114
2390498885389
25485043157763
174677182070
110151365199702
107768968375172
40087021771913
2643606884227
18567677483940
105669705300197
14281839677126
322381837305
689105578336
32855395764975
120976273058138
5726804154979
92180511431971
7955488388546
8949561519715
3039001241741
66658360448001
141026607573629
3129083339344
74552376608994
128063907212205
118748023868184
64155440027237
70417766867383
28405082080491
32241578346566
21703654749942
163459388002821
91642469278662
15754636332108
2152096132575
15924892686721
32130589218072
3530457629098
965315292283
150508098575401
111476329090792
7798006145630
2747426461838
13514400909512
28079570353439
67127482469424
165817581001839
2192878398248
22360141070019
75827284487812
126725056043869
26525884386946
13889243733402
48750779314878
35177789940985
3614616789628
65738603266946
33006673266837
23980622117988
32958213075685
31771798284294
90240692474657
133210088020114
15754850476612
9532123917272
179423019613302
8700117694198
3051208867513
75471067682774
2773253849195
21419194486431
35609096481729
2005332750683
4951978000374
2417207418750
722955202721
1167207228
62534689630271
46297175866654
27933343539689
382157012768
282887977612
124652161795423
5022577150974
76427267216169
16323682567862
146796768744150
17463457678829
73201026865495
10674016302535
167601768118271
43091048357885
116434356832183
1855737461657
1966859957505
80617752079547
78676278924589
89965289791113
30214675549191
49557660774463
15333337648010
9669760616
8437123592789
46376406850072
512106724489
84085081934570
150652656268863
125858072132346
160811728809150
53563396283520
12276935803832
41941646808574
87462155628394
87712558040355
73419981620503
41835258687400
111069893452462
109536572504749
14235753871981
1816675381807
15005943022925
5221034587108
24705568250078
24168454063686
3428744051209
8148685596921
33898431179091
19318411737274
10150017443811
53929214280916
10487071139379
147580324874579
1561038860528
293217597785
12017819404225
107792983067806
45747050879427
64030905157391
9221217761751
38470685558933
10284506143925
43501808670020
4407350031036
90764906143145
43928995481062
2270589594621
101976968785178
143142941826152
792979181
8574120797174
3703510126864
66097092496560
39605751958992
11083059873751
8473479884462
91554539577789
78063935614990
60553839475910
68924905360657
67621352332798
60081417542112
35107710771
373077190107
79554025357657
74656502130534
21497833195170
52545210892209
69629919379501
19162348265724
116944733623639
77076845475151
3993544158470
94742160564481
39197881021447
4710796048848
22564022472
15763530732069
139317582275138
76008516398653
63339407992466
28683349102577
33883187929081
59151944357840
8532253516815
6371751910977
101879368476355
4149205003466
34132760988442
123840180666226
52838201694192
35327972266380
135341544787686
70014602348080
26518918935344
59543093594647
55386545991234
64616335177694
6719705159908
86109199794205
32347775582932
18525133551478
12410409347831
27639437377893
42290785592139
56463024843393
83603244333163
4314775845675
190254589326659
23917631281674
59875079303180
98523092567896
10391446439868
62503607077427
39156104305795
21347736000908
118244554901510
63436175632529
78136120483146
22222426175390
20356140346304
111913082868551
37389437161307
95924812163109
36423426475074
150932274386
174043822172798
154655452312865
124973154049146
194831158751602
7354071399845
6276087277778
22108685015105
32751543501386
166068216857037
821966595291
1229700648417
46381377733
4066162848591
10214782699421
16925909473896
114748919408079
174227907184452
75125085425019
74448590252899
40913604808234
26518272656871
80334780762221
44032427052917
56059784945650
58684977335034
26215736743659
3662930492499
151945617016635
165026232517492
12769969925017
131964359292445
50088500572612
7528576279532
85349050117403
55344601002063
23352277479492
13190362381731
5914417230295
39069358940322
55886042695938
43460006268385
155927308817397
20727705105963
59025013210817
95138734809424
43734639896101
209889541996361
30915195008887
77005884010104
35006632797929
148808679722709
33581961355950
42483025032687
18909123853572
95688754719879
12440202460723
46145925700878
34908769443747
11627018349506
29990514440681
260147329564
90855158763312
128948769020
38677040235541
36951179602873
80168106302606
82263798840273
1788545295833
115250247869988
411482704343
66427886251576
77728408744276
186539329638793
31093983894684
27250981862127
21560169485781
68231871942010
50911441929738
35938156300955
17291300945566
26316731652
11718752562765
27944405254786
90097626641057
33029773089829
29800870463103
121235381032851
169607191209209
1073654384582
169779457885228
101658296009509
13563864527585
35239383032819
112047117401956
155678693769478
106904636306732
52110905994457
234410049597
9080085234563
61999072810101
1537695554179
4454604551664
27134834418431
24826684438897
14858906600221
180337604942418
72594887913164
6804694243434
24229221448866
48950030632831
156058112052906
147589636845636
127090689110017
115234423515427
49568971873281
1776476076353
36358433188887
2573449351338
6023991535184
88292185560888
9807606927029
155059302090549
26635466790071
16113847436676
122971728916428
144262818630322
13592481582816
83848006981280
89311888931535
25192531417502
26910394537820
4126015577096
3111396224477
62021103076649
154980094291553
9824243753400
41353860726
5314230725139
20674282030977
5850156752531
141643733639716
122744577320496
4965145000563
34607479381940
64317723440064
94808264111190
57915072783788
68400005331302
140860764257437
36822796109231
187069599285570
110374053431762
45640773301316
103932090002021
50891602054946
20485382388276
182852317969853
37232386304566
220169183331320
45520757468295
33174837103975
95827634172756
51884921549041
63015583067708
155252311202763
45937712999072
71683111071778
64603525633853
13866812160663
19977352194280
117418794145454
34670815295225
3150254541253
102298089124023
124618751419112
103242936052445
67593257733124
28405559467108
9100664633489
61685050762696
43255648797531
2130312119351
59111528461905
1365581017752
193610862437588
164471315922955
80219166335353
11370478696464
11147080144185
22447791696503
7487694878640
9692755115744
49390262015662
12401504705777
192488390319880
25888676330984
184712471722944
55428563323732
19071452109527
23366311924379
63191893777787
57466414848819
24009539546419
14020526590480
5114908689989
45992982999114
20732365118724
514984738230
11936141904840
18084819981844
16553965892060
43419621127779
8572261791918
18789902113750
4523351935178
154234527246117
13739764931728
201311159846936
96013424011063
26144772003814
154109517963
209222498479400
143856255377493
606492343876
50926011082671
2416746847471
36541748072547
113341192966925
60439189205720
26418700383135
44218259657567
13713032518863
71619651993169
11487061822595
214541469107460
97216636579315
49169434780474
209938742105951
99887901593013
46861063608336
170808456635272
11671128367933
17099887107415
178190642336737
58881662543114
38938008959593
125399420388693
115250559694834
28276421764504
122227569242678
70399865167583
202307147417369
136065876209659
11621490184048
36734068846555
46532708616374
3400646327922
15437648134073
70781985774537
37107084084071
89913251895790
12870319580529
201145825901
25307382235102
30067601439877
18800781809345
16788523613095
157157218401880
783678573155
48073142799265
141380977093970
14973367775700
73359191016652
64662683458081
1305119552409
184907283226564
85477691495588
34031029584052
27161407413827
114018952394367
84221481648647
7626396154062
51471977673925
99514037808102
8057196341477
2498142259201
111155218503192
222458018526415
79728451184674
2265082574146
104713474851290
4222342090759
10031756608749
4287909283234
42975194923985
84413875430073
165476852910641
10805373642753
467000784719
206988777206492
29006261864651
181895390638331
53419121836944
5529498885111
729794661151
6661406852080
100688134606674
14624318793614
97191837076509
164553701085738
96441251942271
60167224247641
56886324360624
12649965867660
69217004659853
7700784687285
155246070019618
172209416616670
27246862865023
189940797813531
51447279568377
234708058411858
44610513043644
118982736311447
44377207192748
12882451777096
72833345080907
69474324702527
14618830707106
43259082900859
222227037742232
42214211340031
71221044273603
9970347885745
129204754965594
158302409302184
128448826553387
87250262181832
69011400008145
3700508931097
56152374007113
108435902034694
64175646547216
52348268987723
21009672197715
162164995641776
340829211870
4015873684489
185696453169792
44255507673257
75231532344645
111648916152089
11937447179018
8391289582918
219175835773199
148474648710339
40379717445753
29140731551093
117803906592325
26156577022606
40630523120298
111328842167255
84842638179369
74123140503951
26058930417373
84953344612325
99753901297320
80403065039848
64158064228943
126692801654328
167781649915466
48568145099934
233846773175311
74075860372986
14314337743103
220266611323691
232519347473285
135405244438233
20634609322907
66063633129780
46722647993717
130899338949503
149813994068379
27439029364655
33441885797267
90774544539017
32739338945297
16339396162780
6234860339294
114462719856762
190048408025115
95295370500442
5652437245712
101775760232313
15373219814665
1752618732698
106047329915115
149960858658230
153978200782959
24375816424956
114180193678633
96765990980090
140164895979629
14993725235652
363950961771
1967886363088
60247088628650
31423655404471
128918079371876
60333050854051
26486108156782
27231766805517
29266924389313
52621977816428
52310731900543
138380194757621
130885161063230
43922656752817
47299061853183
24712953182276
97680328045858
22164413107978
5354116785041
116151645138081
10345896736693
142496656159619
232476907951783
55971722535386
211958017934376
83954533586816
7578118745858
158916482754592
13761498209096
39073733891421
14799184409430
2754134527452
7881672490728
221995526064977
222098193357306
32082667011169
218049300072263
15118695127986
21732799928425
2603691727653
21334949370949
70650081678580
24080650776209
146484917915113
24164901630121
630070070902
1894078111462
128448228372543
32866017436211
199416953647637
84525011651261
17858433661288
68140493567316
55117426191284
191792072512870
96906384729039
55115426779008
83473150598077
15844302341993
60870794752206
116313725435848
7631884567907
97660452131003
58494231410422
69331987946068
204437114679247
114905054303465
20690679828337
2078446352904
64595876579495
25607094906651
57041991360762
8981059597425
193056356694597
27496886785804
84993163944108
67822161729213
217118171244723
50956863899109
64589661621837
10869214114255
69980246608548
47083405136804
182122801438504
60423587418030
67068969236316
158357244244437
111562904670658
516626677175
65178056135084
40751647007001
182015015613
6973349962986
149753505794256
160698691740246
27606169674684
132072414501001
3244840724774
7060781894769
61101741566077
94006338317146
50052231498987
29999981672303
10739515306134
81271767360023
68082670588142
67902227105404
153373313162450
197842839864930
63859226418059
99732778771880
20535864755966
32635317995854
2844456741573
51234783627995
238047698928938
1060452763038
41961675603932
188187999673795
47821945778166
4924677263951
188639734471492
124684985393833
9873435998967
89618445643194
199164770142233
2127255237023
14526195308129
211023479728311
147423248112813
18649170458453
128365330878929
49876359618550
198667540458365
3888944018921
34056965122624
1600977916739
166067705142673
40903269192346
115613206964673
104698533250263
186518202262954
150961278495823
148983427165823
27185152941676
52725385238053
197159958826947
108361757688483
7157031651559
4276717837615
195995520341913
56536667785120
7924149976594
100668105715833
71063393030202
18559118032237
1435363973655
205670274826
85699903263285
32407964385305
153532057577392
75830525215167
122274940478968
1654791570921
168958123587129
92683804870022
87923734651909
27172507385707
217888377133
59645543394464
196925260132115
27918196269909
11486099393592
84456833065151
91496046606316
203327934610914
190218441898107
5986942951451
69963957166224
239879987487010
44006952278282
800527043044
649161237155
55665011405670
102255330842140
703189481599
25484111421884
91165788127447
49207864642424
32162832452479
208503426637603
33490794104422
2278871344548
67905295796403
725686185006
112078743632491
107270756135738
25468742632609
534505680032
240103737746049
171476646908339
128544343592817
59616677989940
131033826451245
53193864521142
43887995963318
4974796678830
1123489329502
155896213946217
107398621759920
117461011383971
41256962323504
86229545009354
128028524133290
27243150839462
121862684724312
155093331061737
33136908985702
53952552356878
238910307021619
73041643745249
45484299628958
5344204315727
92480281660376
220179532997930
10255347958141
1937274387606
47682628196606
5196273488038
350175135521
173854107660825
121014067462395
103534802104646
4619400733170
36947600925465
67418682711371
60470702769607
88146475951083
638739549965
153582210108908
184533136625
18868292582389
7616467840230
116672598866478
15073575395428
14818040789638
54598996574991
51884160445353
178536897354654
116884927155087
33720699622053
82998274875474
236684744757650
5412872677938
9227209200187
54910552678076
69578026612663
102278207641365
118616126256501
41139968266712
74102140640930
197743872311909
132521413453363
52082484139120
7778247317557
138483665995521
39402886822786
125406622981158
114885744159922
8643544975102
18000468927115
80667220140287
68082653920112
7477747823909
214256748332532
138152738244438
87349621981416
3650169626543
111370681414237
3188205569240
87372450533464
35889900122904
19070734183745
43061317262676
177605821230566
29696124705892
16490305260520
92211613258458
249347688676036
8773070727750
96577143286008
136889870544303
222956836285158
183974472804178
242810212370662
172495724108111
20224465945359
242485831545
35062219551678
7184287291515
83170247818570
219404789975510
7830700890669
35706051826142
122414647391686
17898134036861
206669451924429
147707902598523
179605446789662
49362921594626
20924015079856
86847237722115
181340058493912
58406484811437
176208890334852
15904097580915
96090698244560
97156703613103
13139651266529
90044189186303
73905463491537
264318718891169
32678148074262
80002387265477
9046400045859
8717089501398
79728546814419
58638574117730
42791662929458
37260490925336
187045707060703
52790021085154
42297896008859
23646085034706
41386101119997
251285495830575
7822746204743
10483209347150
21277633056362
249037370030320
8134529757004
6152407315670
130146877931089
137862310393065
65779047747753
44693065437699
15044487671526
94080319322670
249732921029940
26764584974313
60149149203481
38361109353048
30376395215353
33559405676007
106330752079612
261557685467294
25734157652534
35933463311628
15317133250149
223695635832608
7600541575630
8834427508165
76659823217439
57298381823959
219954596389928
68030126201182
193270118560241
199101533478083
104756284581407
97568302150742
253352752195841
270342309924254
49328004370465
159074713397134
12877495014170
5355251693780
2790342133686
144257430947361
69532235027870
79972370225164
166134416386681
9712015115135
81206100311797
141740098090572
24818147618309
23130264814771
198251135781918
134621249842665
67640770725526
9000073051336
168903320521197
129521699460309
49617194047
2259967414227
89675743265147
76361530567506
73694774653614
31282851350007
81770759212937
21598285316873
18027293663037
77175141076080
9120659201557
178638761399052
77682384449360
28645165217930
44208197748695
12827213646287
231463658487452
742803665884
40663487502991
101925630440201
63658749217049
10887857351086
97798539559120
6392275040479
820829460776
107366629556327
194815872293190
31794996302359
198533525298136
64289192929169
2013985515901
284573489381288
157365989403292
261581385685660
161419340544424
70090937331851
140657784349742
267470303967744
72731323117859
261614160471000
21329913627
97313733755194
93579724284636
85551043101807
73777557323617
216297602999973
621483423268
30673237840322
189223445145070
13022286652737
256078445463526
9751147575304
18723548902427
146073450911473
65571853510293
1475897207557
224439665232376
1249353608449
11638813368792
1535578074376
4712222839800
83029533122999
113566926362244
25063406455139
147011472386051
51310621211817
51543995601327
156217965828825
29705536112866
32913833136542
147721575294321
277911432582767
57622111783879
84804449598407
36102497596885
280712994819343
45660041609626
62975541086156
7719922419508
2358743232360
53730741623737
7792659716708
177199419340577
69047638884664
224022095506287
12674333016664
247968231746
176039011049221
14026223202716
280825315826393
113967199382860
76415374167967
29974350029187
63499485873869
36412956528159
18789639115340
10680356163565
16736969001379
56777809683059
61946814836511
31967748698286
58618256534745
1983329989480
129078290268461
65845132552352
70469674104733
122108771439928
115960167078603
9909233526360
96443186662053
109334538798707
311312843324027
23811612660381
645148219798
8373807489929
116425794280791
111973067449554
200283688215363
12997304908113
173492406726713
114082000455237
132795868294492
13675027640408
199219626044519
164145599037090
459021996183
110160125411920
217089838057070
158721581050862
233047589086057
260354707062868
178991885983386
109468167466288
22314755288765
263780406439581
22281449290721
106434376569352
276763235761432
2292312100569
18457444003817
145590313708587
64078257665195
30055402328870
26969091590063
223243659587158
42528689939474
895748517155
158351122007302
53719308820429
2599229954475
9755338032530
104428472750751
3693329853600
6272093398469
181969558127494
5288337694230
251592879235393
1295738730568
126259581088913
111922289347842
33109113010867
29349173981113
167533188075461
190026431078625
44189815384770
110793543739
98580149990948
15618582869530
4290824116373
186590776627063
74840648613692
121281107480512
78976234683303
199118651049618
99379789369969
34002650342459
247569813507523
5013477588764
255270811370296
13022064834278
24572736276315
1574586355403
14776050779115
24108843305374
42547781460653
234699344038525
173549931188987
295641461941441
97679772728352
2865552417518
246898785526910
33123617258394
44591305043376
32338270099279
55946110707725
87427322486541
200992293106623
15834000359363
191475433408021
175799418550833
1881819360156
88011932282584
37097302293046
3921680027700
107696344354805
25716633739685
1366989961040
10523179778122
9488457203264
67559900084430
255211485723954
36433284994456
7436181638877
64315466127543
18036474200115
49060476523040
5040978167829
221311379985279
54202751467886
49081682973068
221694999473251
235461921758633
84239152164545
206794878910324
111909117479534
331668752291030
2571008489306
97805974944657
127756904476159
87608237437297
327798822094253
44396809556247
204022918936765
35633780581605
144692156506352
126015610716190
209978882178055
1721625902130
323731511125819
89028649376493
77131471465810
80972631922504
51660013596346
332064280599198
4989240490918
3084395651236
53173335149084
6056101542519
85710408855199
42197318438639
22677847374937
180260507722031
72930813759095
124576564299939
44853120947924
240384891206420
12594117801596
149950658368038
1919735783187
18705645595799
191428605475699
126807617400848
5580299475864
28844733575453
165868881519122
202415183417718
7897610893239
206580897509988
275267397668220
31983114847274
24065733141290
159593548675466
63128295310746
65601491454249
157059888031980
47976898248203
136091234192608
243063840155233
6992885157390
101599846670700
27081544804869
254069593136262
291625949323789
43888703914191
10595314217018
37456342440550
87200142403476
202788749103107
64133514438671
7457218261563
57968078024818
232388048744509
3115141498597
41859214127810
1367325421229
67662708647248
55384997102836
332393634112018
332815890916234
198839500477518
15583871239868
30742998577961
258399934164992
627024243
203832029210097
52888944177829
103855898502989
258338410911797
177396509812007
105464227537662
52484909774295
23297354380900
164217076719474
244012119395832
2313523842
184047113157136
57315860441727
182052239435548
17053397072911
61223843641799
202492173287842
76804084874385
235501788893746
68570010171757
56447541527511
2031141564736
89066826014431
1008140045483
5913478990527
238174871979535
280312357251334
17300054148318
341280424753294
109278700933629
60887491553928
24238254743505
158453178970635
96334028448336
128389905791893
44432858677722
31114016188598
68061852145403
267541541203284
25408715972471
6619989985920
19122092589352
15473690109385
35555648205016
51573172865231
107492542425339
893661034259
41908823085595
129390038457525
19183365358998
17182302782451
87893133249721
534995868152
27772293464008
60404468767602
114922765585782
3345209983383
189953475080259
85071143921307
762074835614
235217513903127
217546511611852
223025844969477
3627696883569
346060361317414
215656003916607
15331184412290
84118854844684
310244732325722
334132510421955
108695306848261
67866288074685
182387443056331
43426529957561
301480880309389
60717871662662
90677970415187
7189820534420
16604202631771
221311741799576
187019381160787
65982061014956
352775005202584
142032408601241
262730478051837
65548974025756
61552901268032
681102647649
102033388382817
87493971853900
171185938924956
218371090384508
29309960645687
151639964373018
30578381987549
45314584499527
8549268222550
1607525280553
16915414751750
45527806633966
12166093515801
231952821647557
1706037994847
329111489862056
42357118929864
343841637743969
278498184099741
234817751555690
285331396818764
166763424008265
149621115050086
174284528021136
43522571697596
19522455478471
177001958966091
131142267693776
39106240121751
84760643966573
20042701491649
30965104470241
11909937302022
55401548112744
241945330630339
212521260267404
32753427648185
158221240859883
23000757822286
134357464338082
124985550238071
119411632126134
180445409346275
10378828864962
168680445010417
62535938911224
98983122182810
133822491782592
278137133837581
175022464690768
3660468728834
143884047110457
137812088030630
118401396756921
1727102594381
187913936370417
32268783891646
150567367068816
60584621356266
72089869818408
264115615098582
251841092300743
75845228095965
194517291272874
129427437104094
259085473314518
190999679806299
330281650707612
281350362266178
320462707921300
38725861922520
271292295826300
79906045669865
239288120249323
3636815016072
144624572152862
17782406137137
161329042802078
59392570825180
98138187894384
172198045286396
17745682690457
234212966554515
205039400178419
31104513595922
223724884668807
144265292157559
7648718703236
1878038767903
202835228825302
12629460394535
187440829712197
73702744934276
22164026962571
139676665150551
218161533904451
52735481476549
298432040382388
163520021771081
33148581075544
122246367219437
72845531611965
3959597903158
167708246797450
122458151383100
209724279896031
241961093184717
69652854020752
52267261705620
168274657660674
298263337372186
255817077121373
66525418114226
1605311450552
256620803688490
177932940515399
63163773868921
366723822642893
122339717310344
2209197562043
18611827913910
54906322295134
53979714472712
268454125349576
162378358549567
95025364098436
40708891837773
22669067406124
71892170552729
39453964936207
123202297918163
285341090898077
40240432796682
2179044776373
90671695556002
45729647093281
349358604186539
268355692064919
130543860748355
194189900265581
19645331964380
167335848327324
318304651036474
215272113314801
187569716440291
121869694884530
16673494483150
238074658418894
101928129168205
49003280259285
32696286255939
115344980683805
8142503053192
62329462213676
20500748718606
55122165889693
1278187162759
82533748674251
148913625523157
28871140285958
373611415681253
171399099396105
78579453446780
27183956852984
252523853992187
297770415915243
23845145904710
160029070218175
119724792707884
205543478267196
1290177744504
129164454539083
24932757741394
72692191777505
323482226388211
1418371042254
213823787048009
343252683398009
106063551751122
370926403097199
131011692873039
25503085149809
37126561338455
58782808902410
44926074093691
145474942196768
357657713782590
273440511312238
267796954757511
12590162374763
228988603104573
554377060462
194379971638135
69436172849228
320507212201457
284332736888846
260832285961652
7349869757743
7560800424515
135035803130327
5777518522828
55951370201514
202812689728523
30312601653841
32917559565171
137052096070475
184285387937897
30518562644565
66531896915684
273514290221111
75133442507782
223700598852636
290487342493840
153594424859789
165383139685504
37085099992570
130227546805801
113674409697046
20558153957511
84066992652790
266457108270635
43318291570224
50551440500332
81461675787589
265539135099015
48107272044970
24289801557498
29621100776269
168200122041115
218691578064867
25974244777890
329714000110388
181549624710506
124743763943114
326859839775895
290112768472427
381577168854591
80000144916292
166152166064737
11855356128699
69574804977320
10523888694325
664968317294
890225882570
88054946825
238087278752642
165660807632671
146009035235283
16254260536941
194263353167491
73005815046610
45460159007897
73229376496932
82609950564123
10229214163056
168697018207969
304574091560429
37842186653898
243925107501543
84549008446449
255302201528564
51537506261183
249781943218017
122575579631788
265811164269057
38705290223447
51195549044855
97688116480159
121985637394428
67674888015902
54483330732834
61269205634760
113233876613078
62152732508316
111525807885657
252465701010737
71913535717461
212458132114559
214108662044039
356595458974505
43657563710545
344443963858822
2092916219582
178994060989209
333334000225154
8635507346350
11159561647525
126870079648045
244473082686552
93262294457395
66421546832320
56116091301043
106604667150954
25435848186151
238685049964861
263989401760155
229931776830005
227908643331083
98911244402071
14296991221828
238978925558896
244189450247393
3730001630023
6236983067973
243378792971737
164648950430936
62689977791211
236735851621646
132551651522396
130880494567074
150411562908721
15510986504858
194444556585043
41231830686156
92452267366182
317421720843953
237615975718892
108047987944663
79648489008123
56162303301767
20928812155955
6614285606351
16728583296047
2678888981869
35414828863872
54093508575458
167959352704222
246607305842757
86156063225494
50604526301825
222981144125107
110073387007139
108084399992989
16745511761560
6434558192976
354373660014177
89382152181622
192327001213764
12375928747581
836132766466
20983399614266
50293851418495
7978390763973
212229303267663
78699672445393
60994537623739
19828223627898
254791328994602
6277007032269
1615502678427
58095549811278
164660810714576
13699286080331
59760685354029
38661712044632
36887797540165
288527851415124
66140887779338
847207923896
26943717597731
254781134843272
5544574922477
243476885898507
252474262257974
119582696424526
27996225467785
11228612592052
390005514466971
99238349925986
199199793443729
76764756512887
158512312911513
2739662355736
5603294342102
40225441059147
198225491735866
151474939680447
27186409944899
140035914082076
398229776241318
301351747881177
115950457288776
8263013948972
55761863448768
3462321690566
17671776542571
131303950229917
212697806907301
277669127436485
47171953034070
132441467120593
41860608595042
225902708563911
94009792505364
64635063020700
1242241906688
232966338817680
41304560927448
41027750045743
50921550584764
234726141329485
26984332421097
38218570361422
56055947411795
40260340265735
156937278883495
84528944576737
85529941352747
123825032080998
260071226958228
80082861704299
34106076786488
104362090105934
19836711412011
120699776709698
54415212170032
308566359359607
71847097626323
57495833484928
153832789659178
14807308787922
386930116568997
71293138193513
5505908464109
220795417810814
11146548198153
323944948883215
207654052974464
223244131464731
21061899701680
2512966773196
166056152433421
7556966919645
4969199404609
236065675943783
1433418997736
16275635960981
18724106060648
83208491791369
1566601093433
187216621551735
159326225287548
12360906285169
143483368922822
352702994204828
159954788214496
190375644920732
178541565835919
12024684345799
13240593149952
1498373794204
57012026435884
240030667911587
312462185507244
2604265715416
208076284843974
59990429945975
60398277107653
365796983723928
14152079041189
178906376450860
211222896602496
338936710900131
169671954565283
187670356021979
84915758538764
226509771570438
25217428762386
103935273487549
202339080970999
178144493899975
239155646256112
5152777797421
41118799522435
322935908402956
347062402349283
3746753195563
18774265311708
46599151560103
1196226364864
192382801202937
1240778987216
29144851445288
352035477534691
177956676410571
17859328260612
20977112744634
55485889774577
7841185066868
78309055057052
124982840998880
161793583006
344114968315822
5205581101304
80359812741702
179987265825369
136755474859704
43720560215636
17562107151807
455151430544
103175537998355
174224117418169
172516612863786
102143507433546
2204735737887
308819048259902
206102370341795
150234278088270
272208336217446
160461262982343
16987749863053
1876856716394
300629435634191
246233266950184
41265809270687
92443590114428
41270245088770
246231363298481
344958246243594
24850239230
135148059670999
159543293988828
15476716902852
9607939856285
80307464324787
10446302695760
216378043587327
61817200758453
271744594119155
316114392548974
29950448528971
5142742408283
244032277085512
215103942269955
26397478204114
196932699547234
387298779618915
131498137606144
12789318240617
305183266327736
178599844412673
324246479303028
252892621650992
79910028963238
320772872100591
39449203321303
23157482225482
405470217374371
121544489084309
36934933377786
65368306863570
44161986504862
3519630020898
362483901440426
2623644933803
118741896824949
22643510348792
284122888329731
1408290396699
7759823250296
3617653946046
272830288640397
68876231092331
21755615017633
13658526007223
90835066411294
16623298616752
348671068906371
92794060195953
1776297912555
71097872514578
115989778309947
272366962761283
25108661644016
71894372106967
149940140797948
21863568664076
204935413029490
119884591438675
211768834635147
4113554507624
35060100345532
254586716299653
404881956703565
11706341451623
44292398792930
12996882341050
161291687331676
11954607255996
15667678855522
34641638779815
336139549280717
403889681926925
38869767875502
11345729144204
19480202796735
61965625082840
167797889277191
169016745222022
119938760904057
339859626397
115773086104624
190264700379611
270345113020464
23644922663068
29794356919786
95302089894922
173277152403117
277527816244219
89961944325206
97971829368338
301117425310201
234051479562925
233688178729348
340518910930127
362377935508101
248105236342071
136340941479
165880837621507
187319874625292
33087558656659
371041612225566
143703948657274
372210731316685
184874038393579
46688048595182
184711277257334
410019716708299
201256119267836
255380292779614
50360410871652
18026201039957
168780122013176
365040869648515
303897667369674
304881126988975
151908377903011
312080677955772
7811163457375
189837643934589
189569597642705
56001365137343
155665925768841
61151947823257
224595152958524
371443779804125
37976718133462
116090834861523
213467492199905
22323398886650
279672004661611
12371771050014
49013194807316
58120551523770
12513459083467
34229847796523
34092352192059
49300801747631
33616889758644
205819172807646
7333830677401
82512095215118
11451526687291
159697374961231
10044593485775
55897427417126
134896885343489
307803555585349
77550457341963
31645124458419
24116373858880
49315034104267
8347946792452
136357089522209
212236887918949
96702450218072
181494126600597
65446603696797
116185945702050
147317558964578
194751637743584
10259512196380
5219089302752
258054050458711
168196711522796
50893238634691
1104497636745
10415612292225
330863517612509
21713758910062
63738164539497
262240197952658
28899249425192
8647180947247
200912217769089
327680770119761
47643026179888
39855208497797
4100100577919
66871253577768
26853221529933
2635060578
377742286508139
192875645199804
13699602671758
97443012310087
164667746311639
229457775146870
59498088635996
75095239394062
86769972746199
516889450164
5598958853361
41057435064417
112717256369706
189707189735167
54051362764565
1336478602046
58581160672596
42675186596095
16330951292480
74678301420611
41889967052262
1369111803979
13642275921361
192154201640577
212829342451174
17057845948203
420548529873077
288615353711796
6863374788477
297292752899209
35411676375321
145546447832945
305526683142252
293406433402134
107490866921477
161676063610534
28771323822748
279447235164451
122774222531446
340575743279981
100539652141258
100498297330509
210192844988767
58066650909651
122471182358121
336010749816584
487427334683
63948892060338
26021124064142
22247024772935
11150806002986
19222231532285
160392530090409
409331241610111
352567793911978
35168187691467
177161804926121
109336825416484
59590058029589
138304711670878
257534459445913
265614905705037
161324571208162
48371423360985
325459400972091
75681016238024
375449530323786
74648954542981
151413668593483
478642491316
47963674735763
39528563442449
207280036531357
56926626963920
292771832465006
191302649585041
347918457841330
235397438302230
12551855374358
163150300714213
56096620698694
84100381984369
233785656529596
6030828369966
31225195239620
75453436689915
1342895983763
116846713290859
140966006585774
420101457785245
96876283088319
32897291858042
3779048258961
205793121789971
413995063295146
83256745944773
148233162177124
214290300641790
221111802645479
111988670719765
182578342562728
147852713638914
324036912207859
48367297841709
166007189804483
1219311061055
37329191941814
138857511678
340260216795182
45758660317121
12250603728333
111888603519214
41884314205848
1090968832000
108177849116222
1865102652693
6767679427226
110396379631760
161660385412192
180038421598052
145796042372628
129035276324708
14968673042963
128963845042
230811101274763
236863728938213
71117060523642
99444914486478
290057757873764
253314577589995
307155764059460
266455968811430
17574544563934
441261105951260
154023704128426
162748510284611
23028809404245
39524210508829
214948592886885
28955255400739
43240802986417
69459910907623
286727351413945
86427271416875
9016340733062
226790916500850
11033600540868
123155704740515
77448417323132
139573104566260
107388452682420
54209128180499
98499773598423
228584706981424
145034104356323
154449940012220
71193065009272
198331812934756
105673346449774
55301866860991
80965949597510
160179588426513
242092519448602
51119634227387
17682986017987
1109999605419
164706103391943
105646482057943
227359916451437
41708375472524
29639351505452
108746215625
213849104596913
31963196472316
236805465990411
335837630896768
349327205599759
213735740988028
245924340808735
29490757399427
384039698737002
52925405446890
5298629640888
378532906143323
103309520591534
3087117894433
43299407079068
274916214588295
61530842117028
45515722275056
353408561623680
210504756811990
61017077577887
149009382090237
17652188144794
24955682753911
240708630882484
14452250923555
430921824433290
104074448205529
58363412909838
178620687953884
269699640063538
198519187017870
83617517350276
993673767751
272129082624102
92290716092258
32768916901
81225030681685
199209039478131
102782558592820
150374742796343
310920865196798
5187970333808
59277206501642
4077289745425
327045015335982
66657678586894
210679295572221
435682581223519
7153718882086
13218977246708
450221758950491
231979213396294
86817624525142
457033062441712
70631942185474
32373139367065
242450283741704
212543101433195
40274026793495
68785642591701
241052672512773
85959538283145
350551076427382
164185235768465
5669191464617
133200326605248
435279341083672
150276312695471
17232686629899
8872413337460
266432929136488
141511034075444
25952375215520
70334056895089
22426210127265
97035210031
327777370801287
47980223898066
402308970573408
127103743984735
165242713899500
35174879584307
242545593140763
24822739559641
90786897216561
6534866863467
49188420213933
84924250836805
195556095590708
272072863153920
15204128639396
155941201733124
22773971770031
229302292563868
37817503441330
105570806837668
367187704129766
274716924697542
61774981414086
4865347760943
6544342984877
203547309088350
263989470202867
24594438209488
199682530936189
363134643829676
6476366220093
406643397930276
1898832267294
53854943597911
49707665612874
238802965358600
187056875917018
143423289756386
25048889353125
359967886323169
2123098418168
33541479521820
30975209611084
13739295841646
316363398414902
220745985134323
153558005461915
433031681986888
58322494221813
1132892291024
19197774013795
5950227443599
145052484200324
225200445737354
373176992551520
255038249265045
12121513109246
25739854738
86771375975605
106488073739772
9600542943458
236537595279480
78141591872412
264137205135400
393982398946570
158458200129691
64628350089307
2162205081328
430480071971485
15000701461601
27918366925728
26947269139018
103906794453626
50866419985170
9856352075194
391138896334
377313877519249
157702176162093
31434596964089
21907486770284
101602438378960
229198729236293
117140240158951
28909718811667
286923019351546
164263929903
8604238965067
1308496501007
330882934339169
210171431461956
265469840327996
11044911996818
169175918523669
98393270936106
34376144618730
81873781362063
373866571669157
346104276988056
13725134329870
35827542961672
113770800472842
108487267952816
129269728023205
344791286216098
4672726038009
265944886910583
195687943478469
875192485821
170591045182614
210557926666663
192692875391462
60423647537524
197703782873304
186478608550559
51663781578323
393126243710256
320404288535025
141119242061866
229655630073104
406973644923411
59342857373503
201077549182842
17553290594032
138268041325211
82574279505320
32903095987044
4450571534395
434292632051785
128304109774028
5441782659671
24882330178367
192470518515400
39477964983726
162682433787951
273387161319884
50683247502104
177748431693010
418249568206722
12334513340105
121993747609187
65536680920352
34884855303772
33784502190061
376722372066458
464343682728181
245088897861103
145136149133
354645647231537
10849263474651
128880142699011
15474333333867
4993878261471
37660396902778
62725235386129
334733512471019
317665378273291
116683795336691
105857300397340
60600721131576
76643982691731
263032066630936
208479734360123
66312042264742
352076177847197
18394475585178
238145161748856
78339632268609
379256291263342
379731893092416
118831047503585
9133478568282
408038141727043
53273559863186
365869334588784
163081901613640
5842581353114
399883011610142
103984164975209
170193428682479
478099214314260
391611560436845
80192473100902
42437583912345
4786783258321
88599449568072
241495196027004
128380663781043
15560557479540
337243754853781
235893518161767
101803249809647
168922279632093
5382895658511
402041294354373
203818069772424
130742231134198
204366556902206
168544348928305
38355264051255
176296576003135
25057623007542
143618346275482
60092667807
55044057281291
72349635459001
116435311413930
148195666589664
85103004550940
448390753169507
229145746239580
199213685861153
31410170850604
115111151282594
494481165651319
207997452142153
175204038615383
61104988119410
306562502667880
111520342576855
184976527236978
175274528531968
185928300835900
255636244290869
423516071579134
309686790674721
245864466323643
456829543892873
2524204224360
176485942007251
167863489034684
108703365182833
6595818409714
398523380254823
67552446812154
66727368445267
382676596538398
4642939280700
244223672248625
96234543518844
307954024577714
111391642331418
52516285694445
495248464317054
264435441048211
321556585771577
55107505179084
103796442704803
7689047618084
100647151656249
144743157654258
730159644714
462827795734425
160541517341923
45986108856445
276934482840918
21205573553588
147277037577276
162076400984431
124356478493717
17303568656739
19942589669104
70991653108181
379630494582780
40692219179021
225998016712
398349746183225
293564346627055
314927198150329
12030019802251
296598979564825
1700232105455
428615833593988
51269012966
160839628301304
251632448999913
85548079180560
377889242506526
81627245609150
408776249642163
81390670289541
220509017935200
393232721202275
97994637796439
194795562358610
198403885234378
229588991050714
173176561328677
8792218979009
132715276720759
225311490187145
31365052075661
17010382205871
1277543462215
4369177370840
145223161915016
185255023502216
32384085311320
194449064344974
389770167065985
153440258254428
108779213812266
45466542958621
418457613704393
121146004965259
277421452223754
415835393563745
109880300121724
166061585273
385369957967886
268405794689624
351895751395135
11099568275459
148327654309519
154705258086219
128908601825993
145286657261507
23947541584223
70709582672798
113106548332123
56656978330221
102769541175545
861920828949
84205989755252
2004041250854
51463060877092
121466155012157
111374686147840
10674354609023
229750301646286
229664426953881
224446440053568
271961405824
177376521745926
259587757303803
224820484198044
358854365506594
6817516039477
20093692684268
64235023096488
98850250387412
11905666841204
476898838472585
285352529862207
143852025736672
308161453043036
215321225087135
74043255401533
14265047545259
775636794392
392141361616834
34624467871201
27166023440884
351445058321113
480963657650171
67363132074735
154312711723352
102862399639246
158974193235228
65182836164321
198396426119953
336102413464747
36423871479430
2037876855742
298212948601589
8573082061242
110551319527167
262470311300754
116673280254190
55544721679142
148154618607861
300713008449115
112090003303779
90753317539256
152918063512796
320777433020981
271864030029686
121075147069635
64132392133833
30464000987351
5824174754883
461872647993971
2530693797076
200301730409540
326761081213357
68903085831428
157620935082943
215019164799239
207690865248086
7969801153087
11837498660737
47699139843867
93125444354008
383612889951830
308242760291070
305223802155724
32299081064107
58165200753097
405096171679387
115432884727680
25151283376657
119691151460931
110577846844630
148822656444913
267322355422901
208520609229269
846398090957
303722007726178
162142621488632
406412515879617
321716523077824
386093245415995
111904668524936
112047378832
150872690682845
19989136300077
83386659306288
63507440494229
252151902230191
355335860684006
132273257877297
284016426588693
271308804936797
15951362351063
13443126537208
478429325691657
76876540146760
20270250948686
172324861541704
34820365055653
5736835445215
162396678910373
267989130538880
323243667988385
97451790300270
22801152992269
261672237486190
273185796460
14886653451799
381438042912410
166590970593046
1144295766304
402326580573638
1032286311021
16560006745918
245804502199477
46231892730288
146261170989030
35955867204131
193805220008535
23074153400004
34883550210677
62630482397586
101449365449251
262622560737143
30586777592126
3838954135117
70867156606846
24320647718779
411911611186172
146288428843349
34498290461267
188319589840138
301425294427551
182466632347414
196158449971103
334654918896001
60474420694078
161894761509759
10441846028258
179391568952261
122345563399957
703937683052
521342967361892
410351337529375
280960242502058
34375253059887
65807145942934
124519875766963
33304262404000
73646506905463
214366568194825
152226810681520
39041780525218
402961566068318
353872414150015
156267145336400
379670794774063
37797368281309
21440576832538
443750309591630
26562003878325
300214597110647
300361885159564
140888860882460
143510839806304
105155218992026
101771151512401
2389167630173
329080412546109
414165453421111
29434619559060
23189666420857
34950149434567
4095174357118
105780679696643
4817282664237
70656522983387
13864036848462
169089004281611
507884360748089
125271824292346
28234134100653
3527063236228
40470331305886
106199877023126
3591977479807
107360020209182
147851323222175
73202954331624
421057756366632
84244269061405
185208038789455
287947258970687
30705199441094
519869790920308
632145098069
55212852478849
450817157538402
3289854725923
390566236714506
43456820862633
107839482614165
174969197161420
81432016080747
60548557811616
458361015507
46363822551222
268803405042036
410007370858666
353673646560263
84639848480689
61087790875640
131233295662516
495674687617030
450260691710310
29774657429727
3226636314438
330681213656296
371329679393517
220563565363570
79179305626312
177401554194733
351784541886235
136593850392316
5121705837124
185347519784761
78844648810576
112119220855616
246509803471520
397894222784544
136277683157544
82736876146782
193744146319045
23648561510781
51723636197837
193082183621378
301333987665960
351639151707971
263252730020005
124304974306083
201334209523000
242600405247350
89272029662021
194511907220227
534198832421728
88648092332680
32050205771559
6340356837726
206139056304189
307880341768364
49250182415185
105926671815607
272922120913658
10097902620539
3776381725820
5449179122133
7584232887934
50725972333898
23818736771982
180411520564516
323368634472256
108123694803780
56745098646562
115187411403227
120100711775835
35487802536831
175642853982108
42161161660232
79105209804944
120317018627751
513513228724473
16182671136239
2135861152492
356859945081602
356152261902170
330700156532054
7193033398945
319900927175402
158352427364460
459222938270990
38032750676360
61240193017633
347993969002575
62644418541650
272185744966907
8559504410873
32784236723603
186022191664121
278230688450119
274596234773240
193647493503996
119735086043166
38057984547503
72952874375271
177456972497230
13761612004316
407483771879423
131016632833894
375500984223653
46640732888
82527527635125
261318927606877
48615991395584
27078808696546
1522451849010
298447303984202
356304535604164
236971887332601
446357847537184
106772485660678
4960992474686
84120572932719
152934824119133
35554436756678
189530938817802
71471792857319
196013569471886
180771245086134
72649921605884
26975534512651
31855897625910
415372283134514
523639643581505
276164957169038
7133690251624
5823388683440
8964843523041
68707183077143
108624078359953
422527456450036
96292763704831
27663026287526
11906859588652
43955540242085
72147583689669
271830358724186
488464285695846
101445474294390
45765279343557
26821991407839
52063113390957
7775720727054
16044713603933
67728901988149
2630016924322
95564710174345
66543594568287
121762861589825
70648878614062
11000311658557
82864899034139
8284664812852
6310209893838
389188635427291
5879480376861
87698653615636
328043690273794
357553206033630
63577037520784
101860010569845
13170574761323
424500542296908
100911361853201
143130002037296
146218586662432
160874491977466
44745992068151
9953022702639
38679829934674
299630563274095
300295505592504
2277670585132
539190751940678
189719120197803
214846264826347
178943800175992
279969619587220
18536024531858
116829856584852
178751731686929
7786253576162
152304253999527
80190494952362
38598574167930
284670114328775
371168141938031
237111982836237
92117065475960
300158586430442
9681678206463
22501732509189
1465684385089
29288938096911
38417841283119
195859972412801
481873244643074
130596917424089
473291541198519
17149997246669
10352885450701
525883584812776
449579920169871
201519248264524
341116027831932
438456367457
46811752201529
2648054199434
57102913916122
188695762151354
11274765139255
894903227603
24118859867087
71671096793553
305611185470988
13485369041469
7896546867311
391116077530153
254466527431714
389519804243135
25652137582338
62063593252301
309025880764583
297326122425839
242964016977874
523533219758893
517042867837700
443443683579847
74819247151240
72220977002119
78330110404
67664677749242
309690117224627
267203893809768
5282765799459
248631540790762
39670292239009
12976703418385
414870910860991
562983447924082
160084575422890
507686954971
38992463556760
43839490225463
44182765450324
284905176100885
279900729451746
247967909365826
9089153716350
325151132048204
17367447962355
144907576657105
309067331204175
257466169639884
301105073897760
76250405480299
43196319111787
16857400084005
25941558993118
634092258768
362814806482838
2413670237884
7669001261297
204850962861818
325761990226380
81654326975433
339912561960156
230122267617198
9513339276722
5141644756328
396352042538487
62563862051792
33437457190568
34077148983670
305913209646764
70656737014680
18826871633635
409562482792734
1199275564388
105048178633685
207354419862449
116314160162195
3722882232728
338564546954488
423764361212870
107461006930130
141026788566688
681658849976
332365261889425
221299326817656
250723282018963
21140758034498
36339112486503
444714117596
211753108746758
37474305433403
118113045905527
37636003086754
129525322456669
235056727803066
62874475959093
409329427793354
369725804975557
54000358124950
119726960963949
76336238158531
9322291144395
158739720541188
492204787564948
28383730382058
49766980742130
312713588452575
82472851985794
240351163256884
381371571181210
13392506405805
40360116337751
30588322488723
190505375595092
47810803706933
304676522635558
525344256860960
204824487844860
307094543088875
258518279184812
179097852979621
12508342310851
55534746210240
84348328259490
210431029469631
96140477754940
391678327800419
285295615793352
36005209848855
87993021900700
55331641604068
151440296286348
325384282092592
17916347017567
224678532428319
93600329965814
30749226937559
392728791934342
447394113348819
456133230783704
44476184300376
385597548100704
254376634087280
131525866563416
401389055353397
336130587459428
1288281782609
50935117526178
392617512556571
466731077119191
162109074146022
97507384271483
203021543438177
194470188394452
124056897204281
171290426718204
494723263957508
86278851344377
467385342034237
288299913411413
523128052467634
312178513727752
161768237174878
436007965053751
9432822910956
383781129504572
152003397196232
171640175182346
122041700209111
95911614850603
95169415761828
482695686880588
293989785273542
354349238325414
42424786971960
127339926561485
148181457309902
106716027792688
202298159777841
157567530711679
1182461336099
124992713950841
317966741583568
150917940659368
119342136230097
91758548682541
303649329448635
307090900262609
43238018883713
41016203923778
113503828062590
36004477366834
195212403811794
381916380601298
213928287410651
384493417590004
1386918533219
351255013685820
77686191911279
17968872726040
239244772235706
231324019014561
245431277818502
36743538032313
209872722892085
244445430952823
185189009614632
309020013746974
241850712569832
342511814238098
1026679056635
409832007337519
85573083793254
330162959221290
447130074864142
176649175011607
209282715627560
98861871844081
457188259021546
117409142687643
442695902558524
5095921262370
17219535512030
88073320346024
298226411322852
452049780236785
185704148236779
35599549705042
104191691716953
441789318701474
134258927004824
319192415958855
504193435420620
30477653272995
134995793080641
409052937322594
418664968064006
25423033175886
138119174766179
453182231381193
278834797318897
286959061196323
90117922484
178553751454780
151837417561349
3449481597371
574570268164646
86113222596773
420656078333515
355008721626026
102552811308861
23469751004217
245815557220264
436672503454334
4276536364676
261544771512624
4986075153998
217898015523468
17068630867018
336694921230237
115463505855778
369123630350859
17068525250479
34108844607964
21570200568163
2571283020194
112855202134598
435529526657225
111708181426421
93479402274631
58881964400812
42360812480450
410597158171540
92759542115067
427111125089495
312371368952035
106608584435041
290294158664927
378334594504708
109249260954830
3408044047456
34554227961067
395144154571434
5164173700
6819065738056
98123948214491
157554249011713
412120661880697
184372022587
534560819717449
2032761744644
138474878592580
133166892454390
290904895039859
5533671800649
98207808310286
12160892496631
126295082981416
1264701513764
358702179829400
161446646768296
58540092809473
98458136312769
200482920363957
70241559526969
88047945706545
125249679252972
37505646343206
15620446763772
169015177908422
184105047379489
89738888225245
574710404118358
144024518706423
94300977797498
21712189715936
322494990043801
87809132677866
74188288286731
562676006710063
389759945247501
17952174435829
93081782173600
80434398775965
504546973444
8458722330817
526602892063808
89676203158921
35895283845741
81945706373939
20092162357512
55676931259400
115784688681935
471907335521132
112791440580128
155021063786465
160633150163674
84294224015627
193758295873284
71382177408928
344974042109660
174896214163754
127329529130629
178323371675139
332178356682594
561040141931182
493151600074522
261652026010595
320740031143761
554821818383255
237340575911068
230507332758255
492761203233416
28765950619595
576021177641136
452034189646787
119087394911672
17983406724549
390576947366418
29064963449470
3704053551838
23508519282954
303131187040428
336888732842627
134096001932299
53848546857607
509584680292987
12097068736574
393990126226556
441892373180
19363697305814
25651452599537
61169097108012
64259946431132
52772707936890
14754320572293
163300416490989
309021222210294
735694751801
187075224338587
18571583196652
246505912315758
101478131218686
158970316322296
17334503712141
154812233276730
16525114191392
311599529620961
459293122913261
176141504077165
165939588076004
71012852194312
124523432546652
553394847510749
558554481997586
53731565773029
179389718126
329612796788347
30100492698623
16783309258698
28505193650405
232716810576114
111745172656317
246835225820006
165510772167463
80801039186633
93632306205266
191346145378890
498671469289
583146756682418
84308754540753
6621752929531
326690054756606
17632919522433
89182099848134
24308349413865
6090804514357
124315106309883
71013183248195
43541348474127
145839799350343
18493598704951
479497969311932
158671242859878
6481319001208
513314599369751
179757425542605
19829525472837
1952748063794
59221004839917
369890951073842
53635134071284
19608171911590
398758101555154
506876598273542
54999865699606
480949875325601
43870617950705
322370024237084
688873517926
89418494318218
465786571132834
83015247571670
51349960240588
184825262334475
6502730267182
173285350872589
121044356908425
106344154517102
233416201111284
406179739176927
199748192423326
40682482509921
13279811520455
83407682134318
4099276313319
42671113853142
15570075627091
13986791908189
593265968036945
227938814458765
12056795657363
243760879313189
179377961977867
104019881358359
162049205785097
508957887812519
155723824355017
261349761893457
522364674994653
190833804114028
